10
12 11 14 2 9 4 4 3 14 10 
3 17 9 7 9 2 2 14 18 6 
3 3 17 19 9 18 12 12 6 7 
6 6 19 16 9 4 11 10 17 14 
5 12 2 7 6 9 6 7 15 15 
12 18 11 16 13 4 10 4 18 6 
12 2 6 10 8 6 2 8 9 6 
18 13 11 17 17 19 15 5 17 5 
8 18 5 7 3 6 14 5 4 13 
9 18 18 18 7 18 6 9 15 8 

4 11 5 17 4 12 15 10 3 6 
10 13 7 14 2 13 18 9 8 17 
3 9 10 10 11 16 8 9 15 11 
14 18 2 5 10 10 4 17 18 13 
7 11 11 12 16 19 12 14 4 6 
14 3 3 10 13 19 5 17 4 2 
7 5 14 5 7 16 3 3 7 17 
5 4 14 17 8 17 4 12 17 5 
18 2 9 7 8 7 18 9 6 8 
6 4 18 2 15 13 3 15 13 4 
